7
9
12
41
50
51
67
79
42
61
97
33
80
22
5
83
11
82
43
28
29
47
21
38
16
3
57
39
1
81
85
52
10
59
37
40
26
8
25
95
35
15
62
56
75
20
64
#
7
9
12
41
50
51
67
79
42
61
97
33
80
22
5
83
11
82
43
28
29
47
21
38
16
3
57
39
1
81
85
52
10
59
37
40
26
8
25
95
35
15
62
56
75
20
64
#
7
9
12
41
50
51
67
79
42
61
97
33
80
22
5
83
11
82
43
28
29
47
21
38
16
3
57
39
1
81
85
52
10
59
37
40
26
8
25
95
35
15
62
56
75
20
64
#
7
9
12
41
50
51
67
79
42
61
97
33
80
22
5
83
11
82
43
28
29
47
21
38
16
3
57
39
1
81
85
52
10
59
37
40
26
8
25
95
35
15
62
56
75
20
64
#
7
9
12
41
50
51
67
79
42
61
97
33
80
22
5
83
11
82
43
28
29
47
21
38
16
3
57
39
1
81
85
52
10
59
37
40
26
8
25
95
35
15
62
56
75
20
64
#
7
9
12
41
50
51
67
79
42
61
97
33
80
22
5
83
11
82
43
28
29
47
21
38
16
3
57
39
1
81
85
52
10
59
37
40
26
8
25
95
35
15
62
56
75
20
64
#
7
9
12
41
50
51
67
79
42
61
97
33
80
22
5
83
11
82
43
28
29
47
21
38
16
3
57
39
1
81
85
52
10
59
37
40
26
8
25
95
35
15
62
56
75
20
64
#
7
9
12
41
50
51
67
79
42
61
97
33
80
22
5
83
11
82
43
28
29
47
21
38
16
3
57
39
1
81
85
52
10
59
37
40
26
8
25
95
35
15
62
56
75
20
64
#
7
9
12
41
50
51
67
79
42
61
97
33
80
22
5
83
11
82
43
28
29
47
21
38
16
3
57
39
1
81
85
52
10
59
37
40
26
8
25
95
35
15
62
56
75
20
64
#
7
9
12
41
50
51
67
79
42
61
97
33
80
22
5
83
11
82
43
28
29
47
21
38
16
3
57
39
1
81
85
52
10
59
37
40
26
8
25
95
35
15
62
56
75
20
64
#
7
9
12
41
50
51
67
79
42
61
97
33
80
22
5
83
11
82
43
28
29
47
21
38
16
3
57
39
1
81
85
52
10
59
37
40
26
8
25
95
35
15
62
56
75
20
64
#
7
9
12
41
50
51
67
79
42
61
97
33
80
22
5
83
11
82
43
28
29
47
21
38
16
3
57
39
1
81
85
52
10
59
37
40
26
8
25
95
35
15
62
56
75
20
64
#
7
9
12
41
50
51
67
79
42
61
97
33
80
22
5
83
11
82
43
28
29
47
21
38
16
3
57
39
1
81
85
52
10
59
37
40
26
8
25
95
35
15
62
56
75
20
64
#
7
9
12
41
50
51
67
79
42
61
97
33
80
22
5
83
11
82
43
28
29
47
21
38
16
3
57
39
1
81
85
52
10
59
37
40
26
8
25
95
35
15
62
56
75
20
64
#
7
9
12
41
50
51
67
79
42
61
97
33
80
22
5
83
11
82
43
28
29
47
21
38
16
3
57
39
1
81
85
52
10
59
37
40
26
8
25
95
35
15
62
56
75
20
64
#
7
9
12
41
50
51
67
79
42
61
97
33
80
22
5
83
11
82
43
28
29
47
21
38
16
3
57
39
1
81
85
52
10
59
37
40
26
8
25
95
35
15
62
56
75
20
64
#
7
9
12
41
50
51
67
79
42
61
97
33
80
22
5
83
11
82
43
28
29
47
21
38
16
3
57
39
1
81
85
52
10
59
37
40
26
8
25
95
35
15
62
56
75
20
64
#
7
9
12
41
50
51
67
79
42
61
97
33
80
22
5
83
11
82
43
28
29
47
21
38
16
3
57
39
1
81
85
52
10
59
37
40
26
8
25
95
35
15
62
56
75
20
64
#
7
9
12
41
50
51
67
79
42
61
97
33
80
22
5
83
11
82
43
28
29
47
21
38
16
3
57
39
1
81
85
52
10
59
37
40
26
8
25
95
35
15
62
56
75
20
64
#
7
9
12
41
50
51
67
79
42
61
97
33
80
22
5
83
11
82
43
28
29
47
21
38
16
3
57
39
1
81
85
52
10
59
37
40
26
8
25
95
35
15
62
56
75
20
64
#
7
9
12
41
50
51
67
79
42
61
97
33
80
22
5
83
11
82
43
28
29
47
21
38
16
3
57
39
1
81
85
52
10
59
37
40
26
8
25
95
35
15
62
56
75
20
64
#
7
9
12
41
50
51
67
79
42
61
97
33
80
22
5
83
11
82
43
28
29
47
21
38
16
3
57
39
1
81
85
52
10
59
37
40
26
8
25
95
35
15
62
56
75
20
64
#
7
9
12
41
50
51
67
79
42
61
97
33
80
22
5
83
11
82
43
28
29
47
21
38
16
3
57
39
1
81
85
52
10
59
37
40
26
8
25
95
35
15
62
56
75
20
64
#
7
9
12
41
50
51
67
79
42
61
97
33
80
22
5
83
11
82
43
28
29
47
21
38
16
3
57
39
1
81
85
52
10
59
37
40
26
8
25
95
35
15
62
56
75
20
64
#
7
9
12
41
50
51
67
79
42
61
97
33
80
22
5
83
11
82
43
28
29
47
21
38
16
3
57
39
1
81
85
52
10
59
37
40
26
8
25
95
35
15
62
56
75
20
64
#
7
9
12
41
50
51
67
79
42
61
97
33
80
22
5
83
11
82
43
28
29
47
21
38
16
3
57
39
1
81
85
52
10
59
37
40
26
8
25
95
35
15
62
56
75
20
64
#
7
9
12
41
50
51
67
79
42
61
97
33
80
22
5
83
11
82
43
28
29
47
21
38
16
3
57
39
1
81
85
52
10
59
37
40
26
8
25
95
35
15
62
56
75
20
64
#
7
9
12
41
50
51
67
79
42
61
97
33
80
22
5
83
11
82
43
28
29
47
21
38
16
3
57
39
1
81
85
52
10
59
37
40
26
8
25
95
35
15
62
56
75
20
64
#
7
9
12
41
50
51
67
79
42
61
97
33
80
22
5
83
11
82
43
28
29
47
21
38
16
3
57
39
1
81
85
52
10
59
37
40
26
8
25
95
35
15
62
56
75
20
64
#
7
9
12
41
50
51
67
79
42
61
97
33
80
22
5
83
11
82
43
28
29
47
21
38
16
3
57
39
1
81
85
52
10
59
37
40
26
8
25
95
35
15
62
56
75
20
64
#
7
9
12
41
50
51
67
79
42
61
97
33
80
22
5
83
11
82
43
28
29
47
21
38
16
3
57
39
1
81
85
52
10
59
37
40
26
8
25
95
35
15
62
56
75
20
64
#
7
9
12
41
50
51
67
79
42
61
97
33
80
22
5
83
11
82
43
28
29
47
21
38
16
3
57
39
1
81
85
52
10
59
37
40
26
8
25
95
35
15
62
56
75
20
64
#
7
9
12
41
50
51
67
79
42
61
97
33
80
22
5
83
11
82
43
28
29
47
21
38
16
3
57
39
1
81
85
52
10
59
37
40
26
8
25
95
35
15
62
56
75
20
64
#
7
9
12
41
50
51
67
79
42
61
97
33
80
22
5
83
11
82
43
28
29
47
21
38
16
3
57
39
1
81
85
52
10
59
37
40
26
8
25
95
35
15
62
56
75
20
64
#
7
9
12
41
50
51
67
79
42
61
97
33
80
22
5
83
11
82
43
28
29
47
21
38
16
3
57
39
1
81
85
52
10
59
37
40
26
8
25
95
35
15
62
56
75
20
64
#
7
9
12
41
50
51
67
79
42
61
97
33
80
22
5
83
11
82
43
28
29
47
21
38
16
3
57
39
1
81
85
52
10
59
37
40
26
8
25
95
35
15
62
56
75
20
64
#
7
9
12
41
50
51
67
79
42
61
97
33
80
22
5
83
11
82
43
28
29
47
21
38
16
3
57
39
1
81
85
52
10
59
37
40
26
8
25
95
35
15
62
56
75
20
64
#
7
9
12
41
50
51
67
79
42
61
97
33
80
22
5
83
11
82
43
28
29
47
21
38
16
3
57
39
1
81
85
52
10
59
37
40
26
8
25
95
35
15
62
56
75
20
64
#
7
9
12
41
50
51
67
79
42
61
97
33
80
22
5
83
11
82
43
28
29
47
21
38
16
3
57
39
1
81
85
52
10
59
37
40
26
8
25
95
35
15
62
56
75
20
64
#
7
9
12
41
50
51
67
79
42
61
97
33
80
22
5
83
11
82
43
28
29
47
21
38
16
3
57
39
1
81
85
52
10
59
37
40
26
8
25
95
35
15
62
56
75
20
64
#
7
9
12
41
50
51
67
79
42
61
97
33
80
22
5
83
11
82
43
28
29
47
21
38
16
3
57
39
1
81
85
52
10
59
37
40
26
8
25
95
35
15
62
56
75
20
64
#
7
9
12
41
50
51
67
79
42
61
97
33
80
22
5
83
11
82
43
28
29
47
21
38
16
3
57
39
1
81
85
52
10
59
37
40
26
8
25
95
35
15
62
56
75
20
64
#
7
9
12
41
50
51
67
79
42
61
97
33
80
22
5
83
11
82
43
28
29
47
21
38
16
3
57
39
1
81
85
52
10
59
37
40
26
8
25
95
35
15
62
56
75
20
64
#
7
9
12
41
50
51
67
79
42
61
97
33
80
22
5
83
11
82
43
28
29
47
21
38
16
3
57
39
1
81
85
52
10
59
37
40
26
8
25
95
35
15
62
56
75
20
64
#
7
9
12
41
50
51
67
79
42
61
97
33
80
22
5
83
11
82
43
28
29
47
21
38
16
3
57
39
1
81
85
52
10
59
37
40
26
8
25
95
35
15
62
56
75
20
64
#
7
9
12
41
50
51
67
79
42
61
97
33
80
22
5
83
11
82
43
28
29
47
21
38
16
3
57
39
1
81
85
52
10
59
37
40
26
8
25
95
35
15
62
56
75
20
64
#
7
9
12
41
50
51
67
79
42
61
97
33
80
22
5
83
11
82
43
28
29
47
21
38
16
3
57
39
1
81
85
52
10
59
37
40
26
8
25
95
35
15
62
56
75
20
64
#
17
18
19
44
53
65
70
72
100
58
74
76
98
#
17
18
19
44
53
65
70
72
100
58
74
76
98
#
17
18
19
44
53
65
70
72
100
58
74
76
98
#
17
18
19
44
53
65
70
72
100
58
74
76
98
#
17
18
19
44
53
65
70
72
100
58
74
76
98
#
17
18
19
44
53
65
70
72
100
58
74
76
98
#
17
18
19
44
53
65
70
72
100
58
74
76
98
#
17
18
19
44
53
65
70
72
100
58
74
76
98
#
17
18
19
44
53
65
70
72
100
58
74
76
98
#
17
18
19
44
53
65
70
72
100
58
74
76
98
#
17
18
19
44
53
65
70
72
100
58
74
76
98
#
17
18
19
44
53
65
70
72
100
58
74
76
98
#
17
18
19
44
53
65
70
72
100
58
74
76
98
#
2
6
14
34
66
69
73
87
93
13
99
#
2
6
14
34
66
69
73
87
93
13
99
#
2
6
14
34
66
69
73
87
93
13
99
#
2
6
14
34
66
69
73
87
93
13
99
#
2
6
14
34
66
69
73
87
93
13
99
#
2
6
14
34
66
69
73
87
93
13
99
#
2
6
14
34
66
69
73
87
93
13
99
#
2
6
14
34
66
69
73
87
93
13
99
#
2
6
14
34
66
69
73
87
93
13
99
#
2
6
14
34
66
69
73
87
93
13
99
#
2
6
14
34
66
69
73
87
93
13
99
#
18
19
53
58
65
70
72
74
98
76
100
#
18
19
53
58
65
70
72
74
98
76
100
#
18
19
53
58
65
70
72
74
98
76
100
#
18
19
53
58
65
70
72
74
98
76
100
#
18
19
53
58
65
70
72
74
98
76
100
#
18
19
53
58
65
70
72
74
98
76
100
#
18
19
53
58
65
70
72
74
98
76
100
#
18
19
53
58
65
70
72
74
98
76
100
#
18
19
53
58
65
70
72
74
98
76
100
#
18
19
53
58
65
70
72
74
98
76
100
#
18
19
53
58
65
70
72
74
98
76
100
#
